32111409;368250373;368250397;
32111409;368250397;2124110014;
32111409;2124110014;360394434;
32111409;360394434;360394435;
32726742;1810687135;2124110013;
32726742;2124110013;368250343;
32726742;368250343;360394434;
32726742;360394434;368250341;
32726742;368250341;2086389935;
32726742;2086389935;368249930;
32726801;368250397;4309992212;
32726801;4309992212;368250398;
32726801;368250398;368250399;
35910913;419785097;419785099;
35910913;419785099;419785101;
35910913;419785101;1810687299;
35910913;1810687299;1810687309;
36333613;423796754;419785097;
36333613;419785097;423796755;
36333613;423796755;1810687157;
38329790;452589673;453459911;
38329790;453459911;1810687082;
38329790;1810687082;452589671;
38376593;452589671;1810687088;
38376593;1810687088;1810687116;
38376593;1810687116;1810687119;
38376609;453459697;453460672;
38376609;453460672;453460670;
38376609;453460670;453459911;
38376638;453462783;453462787;
38376638;453462787;453460670;
38376660;453464432;453464436;
38503336;269538640;452589673;
38503336;452589673;452589253;
38503362;269538640;455528809;
38503362;455528809;2086395358;
38503362;2086395358;1810687139;
38503419;452589253;1810686933;
38503419;1810686933;1810686920;
38503419;1810686920;453464432;
38503419;453464432;453465874;
38503666;453465877;4552806514;
38503666;4552806514;455532817;
41842002;517172729;517178583;
41842002;517178583;517178585;
41842696;1810687320;1106085871;
41842696;1106085871;2376120984;
41842696;2376120984;517185715;
41842696;517185715;423796758;
41842696;423796758;2041642114;
41842696;2041642114;4565481878;
41842696;4565481878;2041642107;
41842696;2041642107;517172729;
41890363;518299257;518301178;
41890363;518301178;518301179;
41890363;518301179;518301181;
41890363;518301181;518301182;
41890363;518301182;518301183;
41890363;518301183;958313587;
41890363;958313587;518301187;
41890363;518301187;1810686987;
41890363;1810686987;1810686964;
41890363;1810686964;518301188;
41890364;518301188;518301190;
41890364;518301190;518301191;
41890364;518301191;1810686739;
41890364;1810686739;518301193;
41890364;518301193;518301195;
41890364;518301195;2367495466;
41890364;2367495466;518301197;
41890364;518301197;2382238072;
41890364;2382238072;2367871588;
41890364;2367871588;2367871570;
41890364;2367871570;518299254;
42108266;360394783;1810687145;
42108266;1810687145;1810687142;
42108266;1810687142;360394781;
42108295;2041646958;2041648033;
42108295;2041648033;517172729;
106462228;368249929;1224729534;
106462228;1224729534;1224728211;
106462228;1224728211;1224729139;
106462255;357593880;2215489945;
106462255;2215489945;4401796975;
106462255;4401796975;2367876691;
106462255;2367876691;1810686953;
106462255;1810686953;1224729139;
166173444;1810686919;453465870;
166173444;453465870;1810687003;
166173444;1810687003;1810687001;
166173444;1810687001;453456367;
166173445;453491857;453464436;
166173445;453464436;453465874;
166173445;453465874;453465876;
166174650;368249922;453465876;
166178028;4432602213;4432602214;
166178028;4432602214;4432602215;
166178028;4432602215;4432602216;
166178028;4432602216;453491857;
166178028;453491857;4432602205;
166178028;4432602205;4432602206;
166178028;4432602206;1810686919;
166178028;1810686919;1810686891;
166178028;1810686891;1776593853;
166178028;1776593853;4432602207;
166178028;4432602207;4432602208;
166178028;4432602208;4432602209;
166178028;4432602209;4432602210;
166178028;4432602210;1776593834;
166178028;1776593834;4432602211;
166178028;4432602211;4432602212;
166178028;4432602212;1810686840;
166178028;1810686840;453491786;
166178028;453491786;1776593851;
166178028;1776593851;4432602213;
169908809;2367876693;2086389928;
169908809;2086389928;368250399;
169908809;368250399;368249927;
169908809;368249927;4401901984;
169908815;1810687187;1810687189;
169908815;1810687189;423796753;
169908815;423796753;1810687186;
169908815;1810687186;1810687184;
169908815;1810687184;1810687180;
169908815;1810687180;1810687178;
169908815;1810687178;1810687176;
169908815;1810687176;1810687174;
169908815;1810687174;1810687172;
169908815;1810687172;1810687173;
169908815;1810687173;1810687175;
169908815;1810687175;1810687177;
169908815;1810687177;1810687179;
169908815;1810687179;1810687183;
169908815;1810687183;1810687185;
169908815;1810687185;1810687187;
169908817;1810687157;1810687159;
169908817;1810687159;1810687158;
169908817;1810687158;1810687156;
169908817;1810687156;1810687152;
169908817;1810687152;1810687150;
169908817;1810687150;1810687146;
169908817;1810687146;1810687141;
169908817;1810687141;1810687139;
169908817;1810687139;1810687136;
169908817;1810687136;1810687137;
169908817;1810687137;1810687140;
169908817;1810687140;1810687144;
169908817;1810687144;1810687147;
169908817;1810687147;1810687151;
169908817;1810687151;1810687155;
169908817;1810687155;1810687157;
169908845;360394781;1810687154;
169908876;423796754;360394783;
169908901;1810687145;1810687148;
169908901;1810687148;1810687154;
169908902;1810687154;360394789;
169908902;360394789;360394788;
169908905;423796753;423796757;
169908905;423796757;423796758;
169908953;1810687140;1810687143;
169908953;1810687143;1843336710;
169908953;1843336710;1810687135;
169908966;360394788;3750121908;
169908966;3750121908;360394786;
169908966;360394786;1810687181;
169908966;1810687181;360394783;
169908969;1810687032;1810687054;
169908969;1810687054;4401902289;
169908972;1810687173;1810687169;
169908972;1810687169;1810687149;
169908972;1810687149;1810687141;
169908976;1810687158;1810687164;
169908976;1810687164;423796756;
169908976;423796756;1810687183;
173538931;368250373;1843336758;
173538931;1843336758;2086389922;
173538936;1843336769;1843336740;
173538936;1843336740;2611128017;
173538936;2611128017;1843336714;
173538937;1843336740;1843336767;
173538937;1843336767;1843336722;
173538942;1843336755;1843336762;
173538945;1843336771;2611128017;
173538948;1843336716;1843336759;
173538948;1843336759;1843336723;
173538948;1843336723;1843336740;
173538949;1843336763;1843336703;
173538949;1843336703;1843336710;
193639929;2041648032;2041648033;
198510612;1810687024;2086389929;
198510612;2086389929;2086389927;
198510612;2086389927;2086389934;
198510614;2086389917;2086389913;
198510614;2086389913;2086389925;
198510616;2086389914;2086389936;
198510616;2086389936;2086389911;
198510616;2086389911;2086389915;
198510616;2086389915;3813729371;
198510622;2086389935;2086389912;
198510622;2086389912;2086389928;
198510624;1810687135;423796754;
198510626;2086389922;2086389932;
198510626;2086389932;2086389926;
198510626;2086389926;2086389940;
198510626;2086389940;2086389914;
198510626;2086389914;2086389937;
198510626;2086389937;2086389938;
198510626;2086389938;2086389921;
198510626;2086389921;2086389923;
198511066;1843336765;1843336707;
198511066;1843336707;1843336763;
198511066;1843336763;2086395361;
198511066;2086395361;2086395359;
198511066;2086395359;2086395360;
198511066;2086395360;2086395358;
202442755;368250373;2124110015;
202442755;2124110015;1843336765;
202442756;2124110011;2124110018;
202442756;2124110018;2124110012;
202442756;2124110012;2124110014;
202442757;2124110017;2124110010;
202442757;2124110010;1843336765;
202442758;2124110015;2124110017;
211559577;2215489945;2215489954;
213541576;455528809;2232169274;
213541576;2232169274;2232169287;
213541576;2232169287;2041646958;
213920974;517172729;269538643;
213920976;269538643;1810687193;
213920976;1810687193;1843336769;
213920976;1843336769;1843336716;
213920976;1843336716;1843336755;
213920976;1843336755;523286842;
213920976;523286842;523286549;
213920976;523286549;523286533;
213920976;523286533;670451140;
213920976;670451140;523286815;
219534481;368249925;2286832734;
219534481;2286832734;4552806511;
228154174;2367876693;2367876695;
228154174;2367876695;2367876691;
254833618;452590898;670477843;
254833618;670477843;1843336762;
254833618;1843336762;1810687119;
254833618;1810687119;1843336750;
254833618;1843336750;1843336714;
254833618;1843336714;453459697;
254833618;453459697;269538642;
261461128;2086389924;2367876697;
261461128;2367876697;2086389909;
261461128;2086389909;2086389910;
261461128;2086389910;2086389920;
261461128;2086389920;2086389940;
261461129;1810687024;2086389924;
261461131;455532817;368249922;
261461133;455532817;4552806513;
261461133;4552806513;368249923;
261461133;368249923;4404201655;
261461133;4404201655;4404201657;
261461133;4404201657;1810686897;
261461133;1810686897;368249924;
261461133;368249924;368249925;
273386522;2086389923;368249926;
273386522;368249926;368250371;
273386522;368250371;3813729371;
273386522;3813729371;368250372;
273386522;368250372;368250373;
273386523;368249929;368249928;
273386523;368249928;2367876693;
371452305;360394788;3750121906;
371452305;3750121906;1810687206;
371452305;1810687206;3750121907;
441943800;368249930;368249929;
441943801;1224729139;1224729284;
441943801;1224729284;518301188;
441943802;368249930;1810687053;
441943802;1810687053;368249931;
441943802;368249931;368249932;
441943802;368249932;360395206;
441946252;2124110013;2124110011;
441946252;2124110011;2124110017;
441946253;3813729371;2086389939;
441946253;2086389939;2086389918;
441946253;2086389918;4309992212;
441946253;4309992212;2086389908;
441946253;2086389908;2086389919;
441946253;2086389919;2086389907;
441946253;2086389907;2086389912;
441946829;455528809;2367876686;
441946829;2367876686;1843336705;
441946829;1843336705;2086389922;
442509064;4401901980;1810687063;
442509064;1810687063;1810687032;
442509065;4401902291;4401902292;
442509065;4401902292;4401902293;
442509065;4401902293;4401902299;
442509065;4401902299;4401902294;
442509065;4401902294;4401902295;
442509065;4401902295;4401902296;
442509065;4401902296;4401902297;
442509065;4401902297;4401902298;
442509065;4401902298;4401901980;
442509065;4401901980;4401901981;
442509065;4401901981;4401901985;
442509065;4401901985;4401901986;
442509065;4401901986;4401901987;
442509065;4401901987;4401901988;
442509065;4401901988;4401902289;
442509065;4401902289;4401902290;
442509065;4401902290;4401901982;
442509065;4401901982;4401901983;
442509065;4401901983;4401901984;
442509065;4401901984;4401902291;
442509066;2086389923;4401902299;
442760214;2086389922;4404188142;
442761452;4404201655;4404188139;
442761453;4404201656;4404201657;
459428867;269538513;2677875626;
459428867;2677875626;269538514;
459428867;269538514;2118665382;
459428867;2118665382;455537613;
459428867;455537613;269538515;
459428867;269538515;2235674035;
459428867;2235674035;1776534139;
459428867;1776534139;455540439;
459428867;455540439;368249925;
459428869;368249925;452589133;
459428869;452589133;1810687032;
459428871;4552806511;1810687024;
459428873;1810687024;269538640;
459428873;269538640;2086389925;
459428873;2086389925;269538642;
459428874;269538642;1843336771;
459428874;1843336771;2041648032;
459428874;2041648032;1843336722;
459428874;1843336722;269538643;
459428874;269538643;517178600;
459428874;517178600;4380986761;
459428874;4380986761;4404214179;
459428874;4404214179;517178593;
459428874;517178593;4380988614;
459428874;4380988614;4404213465;
459428874;4404213465;4380988612;
459428874;4380988612;269538644;
459428874;269538644;1810687327;
459428874;1810687327;4396577167;
459428874;4396577167;517172767;
459428874;517172767;517226001;
459428874;517226001;517225989;
459428874;517225989;1776593831;
459428874;1776593831;508823921;
459428874;508823921;269538645;
459428875;269538642;2041646958;
459428875;2041646958;1810687171;
459428875;1810687171;1810687178;
